# Created by Octave 3.2.4, Wed May 01 18:49:03 2013 PDT <jlischner@tigger>
# name: ws
# type: matrix
# rows: 121
# columns: 1
 -0.01286291804483646
 -0.01277104005880191
 -0.01267916207276737
 -0.01258728408673282
 -0.01249540610069827
 -0.01240352811466373
 -0.01231165012862918
 -0.01221977214259463
 -0.01212789415656009
 -0.01203601617052554
 -0.011944138184491
 -0.01185226019845645
 -0.0117603822124219
 -0.01166850422638736
 -0.01157662624035281
 -0.01148474825431827
 -0.01139287026828372
 -0.01130099228224917
 -0.01120911429621463
 -0.01111723631018008
 -0.01102535832414553
 -0.01093348033811099
 -0.01084160235207644
 -0.0107497243660419
 -0.01065784638000735
 -0.0105659683939728
 -0.01047409040793826
 -0.01038221242190371
 -0.01029033443586917
 -0.01019845644983462
 -0.01010657846380007
 -0.01001470047776553
 -0.009922822491730982
 -0.009830944505696434
 -0.009739066519661889
 -0.009647188533627343
 -0.009555310547592797
 -0.00946343256155825
 -0.009371554575523704
 -0.009279676589489158
 -0.009187798603454611
 -0.009095920617420065
 -0.009004042631385521
 -0.008912164645350973
 -0.008820286659316428
 -0.008728408673281882
 -0.008636530687247334
 -0.008544652701212789
 -0.008452774715178243
 -0.008360896729143696
 -0.00826901874310915
 -0.008177140757074604
 -0.008085262771040059
 -0.007993384785005511
 -0.007901506798970967
 -0.00780962881293642
 -0.007717750826901873
 -0.007625872840867329
 -0.007533994854832781
 -0.007442116868798235
 -0.00735023888276369
 -0.007258360896729143
 -0.007166482910694597
 -0.007074604924660051
 -0.006982726938625504
 -0.006890848952590959
 -0.006798970966556413
 -0.006707092980521866
 -0.00661521499448732
 -0.006523337008452775
 -0.006431459022418228
 -0.006339581036383682
 -0.006247703050349136
 -0.006155825064314589
 -0.006063947078280044
 -0.005972069092245498
 -0.005880191106210951
 -0.005788313120176405
 -0.005696435134141859
 -0.005604557148107313
 -0.005512679162072767
 -0.005420801176038222
 -0.005328923190003674
 -0.005237045203969128
 -0.005145167217934583
 -0.005053289231900036
 -0.004961411245865491
 -0.004869533259830944
 -0.004777655273796397
 -0.004685777287761852
 -0.004593899301727306
 -0.00450202131569276
 -0.004410143329658213
 -0.004318265343623667
 -0.004226387357589121
 -0.004134509371554575
 -0.004042631385520028
 -0.003950753399485482
 -0.003858875413450937
 -0.003766997427416391
 -0.003675119441381845
 -0.003583241455347297
 -0.003491363469312752
 -0.003399485483278206
 -0.00330760749724366
 -0.003215729511209114
 -0.003123851525174567
 -0.003031973539140021
 -0.002940095553105475
 -0.002848217567070929
 -0.002756339581036384
 -0.002664461595001836
 -0.00257258360896729
 -0.002480705622932745
 -0.002388827636898199
 -0.002296949650863653
 -0.002205071664829106
 -0.00211319367879456
 -0.002021315692760014
 -0.001929437706725468
 -0.001837559720690922
# name: xi
# type: scalar
-0.004777655273796398
# name: ef
# type: scalar
0.003675119441381845
# name: kF
# type: global scalar
0.009457474817811194
# name: SigPw
# type: complex matrix
# rows: 121
# columns: 1
 (0.009380160100987012,0.00408849649586319)
 (0.009305501935415425,0.004074354472433017)
 (0.009230598995679589,0.004060574790607796)
 (0.009155731607680608,0.004046242702848779)
 (0.009078180019281897,0.004029292929231942)
 (0.008987012321683368,0.004012124813040072)
 (0.008875296039360128,0.004040377202726712)
 (0.008927961411799907,0.004097574491094053)
 (0.008881000855001094,0.003884071855837807)
 (0.008623856740721428,0.003792439374319877)
 (0.008282779347566918,0.003910050500626064)
 (0.008395030260781351,0.004356152264709428)
 (0.008594533780868999,0.00417854517303715)
 (0.00852846175515376,0.004023312778071414)
 (0.008397819087893001,0.003931157298298156)
 (0.008235849016233353,0.003878675080252408)
 (0.008041429586423069,0.003872980517665186)
 (0.007809827549534873,0.003952222470712058)
 (0.007651187768924402,0.004229846616002204)
 (0.007862104178526707,0.00445772103899175)
 (0.008009694067080637,0.004349187704639772)
 (0.008003739307101448,0.004230561377519167)
 (0.007931581681170042,0.004128833920423798)
 (0.007819522812883572,0.004062989180938757)
 (0.007689199353465779,0.004022246947499229)
 (0.007537557720506165,0.00401464974665407)
 (0.007377296965890375,0.004051097186468098)
 (0.007205572469726066,0.004175789005786273)
 (0.007172086497561497,0.004421545121815713)
 (0.007355217089041861,0.004530833871468796)
 (0.007473307473073823,0.004446618118249484)
 (0.0074848361330923,0.004322748138382946)
 (0.007432302015255962,0.004221702458804924)
 (0.007347750711710658,0.004142723475005184)
 (0.007241767638567556,0.004084005635164957)
 (0.007130458225225132,0.004040698042131682)
 (0.006996164036012669,0.004012233023165198)
 (0.006845448940138669,0.004019251613479576)
 (0.006690794667205285,0.004079900596303629)
 (0.006577195041365597,0.00422048054670676)
 (0.006594752693335823,0.004373749855366346)
 (0.00670059745217879,0.004400837753850342)
 (0.006746810593048642,0.004321322191300855)
 (0.006721092378060864,0.004226137050440824)
 (0.00664465785343621,0.00413103855605286)
 (0.00654139244411435,0.00405659805893668)
 (0.006417891177315138,0.003999804176311656)
 (0.006277707530193979,0.003957100609701801)
 (0.006118266958731575,0.003919823229895538)
 (0.005940328207979273,0.003901912822737633)
 (0.005733610587078485,0.003905600387895409)
 (0.005512567759032714,0.00392687268121852)
 (0.005247086466722229,0.00398162474120083)
 (0.004945598053176578,0.004092764681171718)
 (0.004631565073918619,0.004279810940050779)
 (0.004292018182671459,0.004501752378529112)
 (0.003776801843909507,0.004721663786897939)
 (0.002193699377738586,0.005326755000933551)
 (0.004037891601943596,0.008782439595644108)
 (0.005638912352175214,0.008478233209300341)
 (0.006635694390055271,0.008103398277813749)
 (0.007261994534803106,0.007753734348125273)
 (0.007681065213358154,0.007322205887607692)
 (0.007908703458509173,0.007001976994208978)
 (0.008295275600496541,0.006626808889274658)
 (0.008474199682734418,0.006172183663247062)
 (0.008601291377494383,0.005789938574818558)
 (0.008734701515624622,0.005452051582317506)
 (0.008817916334223722,0.005241277717185396)
 (0.008632315144906845,0.004950549712738145)
 (0.008614583294112235,0.004549493953168064)
 (0.008878483714564199,0.004416984609956156)
 (0.008808895139786752,0.004153884557199398)
 (0.008968167863464764,0.003607303442202467)
 (0.008784030573573624,0.003367049399939318)
 (0.008848705897828517,0.002847066065211657)
 (0.008560231164425209,0.002583825411268185)
 (0.008680647843344901,0.002319772862027968)
 (0.008294053157029907,0.001877749268300252)
 (0.008103990414197054,0.001670261477833571)
 (0.008028778787166967,0.001246564578485626)
 (0.007608727860484096,0.0009406693133220635)
 (0.007236454378904302,0.0006555668006779752)
 (0.006842679267586234,0.0004585383158608773)
 (0.006453047029441016,0.0003072040118370706)
 (0.006060167603496701,0.0001888438145524711)
 (0.00565416726875046,0.0001028266042781506)
 (0.005232777469795045,6.272264350511286e-05)
 (0.004788896828881502,4.289586450171821e-05)
 (0.004387572949443479,4.537795521461025e-05)
 (0.004084582393237748,4.943596560345194e-05)
 (0.003846279376760068,5.441766009421213e-05)
 (0.003651255765029668,5.960997072063424e-05)
 (0.003491219677118123,6.481720150352581e-05)
 (0.003359968071309706,6.964614132659178e-05)
 (0.0032518552542264,7.392421406612574e-05)
 (0.003163771927040955,7.778161773287758e-05)
 (0.003095729105852934,8.088284402164334e-05)
 (0.003043511949865887,8.339974620439207e-05)
 (0.003005007388204355,8.516355212398688e-05)
 (0.002979813878017263,8.632751432417804e-05)
 (0.002956965930370631,8.677210983273491e-05)
 (0.002927808918735595,8.666545501045353e-05)
 (0.00289305176838923,8.6012334908988e-05)
 (0.002852606304339242,8.483566604164867e-05)
 (0.002805540396514945,8.323754168833788e-05)
 (0.002754270063759685,8.123581126210146e-05)
 (0.00269873587055667,7.887592447500488e-05)
 (0.002639972136039833,7.620662726822191e-05)
